DATE,New_Cases,New_Deaths,Cumulative_Cases,Cumulative_Deaths
3/12/20,0,0,0,0
3/13/20,1,0,1,0
3/14/20,4,0,5,0
3/15/20,0,0,5,0
3/16/20,0,0,5,0
3/17/20,4,0,9,0
3/18/20,2,0,11,0
3/19/20,12,0,23,0
3/20/20,8,0,31,0
3/21/20,11,0,42,0
3/22/20,5,0,47,0
3/23/20,3,0,50,0
3/24/20,23,0,73,0
3/25/20,50,0,123,0
3/26/20,66,3,189,3
3/27/20,41,1,230,4
3/28/20,31,1,261,5
3/29/20,49,1,310,6
3/30/20,105,1,415,7
3/31/20,110,2,525,9
4/1/20,144,0,669,9
4/2/20,222,0,891,9
4/3/20,122,1,1013,10
4/4/20,64,0,1077,10
4/5/20,24,0,1101,10
4/6/20,69,3,1170,13
4/7/20,40,2,1210,15
4/8/20,22,3,1232,18
4/9/20,121,6,1353,24
4/10/20,43,1,1396,25
4/11/20,11,2,1407,27
4/12/20,19,0,1426,27
4/13/20,27,6,1453,33
4/14/20,11,6,1464,39
4/15/20,123,2,1587,41
4/16/20,22,0,1609,41
4/17/20,46,2,1655,43
4/18/20,13,1,1668,44
4/19/20,4,1,1672,45
4/20/20,64,3,1736,48
4/21/20,30,3,1766,51
4/22/20,36,3,1802,54
4/23/20,34,0,1836,54
4/24/20,34,0,1870,54
4/25/20,17,2,1887,56
4/26/20,10,0,1897,56
4/27/20,20,2,1917,58
4/28/20,35,2,1952,60
4/29/20,32,0,1984,60
4/30/20,31,3,2015,63
5/1/20,20,0,2035,63
5/2/20,26,1,2061,64
5/3/20,18,0,2079,64
5/4/20,27,0,2106,64
5/5/20,21,1,2127,65
5/6/20,31,1,2158,66
5/7/20,20,1,2178,67
5/8/20,27,0,2205,67
5/9/20,25,0,2230,67
5/10/20,16,0,2246,67
5/11/20,14,3,2260,70
5/12/20,33,-1,2293,69
5/13/20,31,0,2324,69
5/14/20,27,3,2351,72
5/15/20,38,1,2389,73
5/16/20,30,0,2419,73
5/17/20,17,0,2436,73
5/18/20,19,1,2455,74
5/19/20,21,4,2476,77
5/20/20,30,0,2506,77
5/21/20,28,0,2534,77
5/22/20,61,2,2595,79
5/23/20,31,0,2626,79
5/24/20,39,0,2665,79
5/25/20,19,0,2684,79
5/26/20,15,2,2699,81
5/27/20,32,1,2731,82
5/28/20,38,0,2769,82
5/29/20,34,0,2803,82
5/30/20,36,0,2839,82
5/31/20,57,0,2896,82
6/1/20,10,1,2906,83
6/2/20,27,0,2933,83
6/3/20,57,0,2990,83
6/4/20,64,0,3054,83
6/5/20,57,0,3111,83
6/6/20,28,0,3139,83
6/7/20,28,0,3167,83
6/8/20,22,0,3189,83
6/9/20,31,2,3220,85
6/10/20,40,0,3260,85
6/11/20,42,1,3302,86
6/12/20,51,1,3353,87
6/13/20,46,0,3399,87
6/14/20,9,0,3408,87
6/15/20,54,1,3462,88
6/16/20,78,0,3540,88
6/17/20,92,0,3632,88
6/18/20,111,1,3743,89
6/19/20,128,0,3871,89
6/20/20,135,0,4006,89
6/21/20,84,0,4090,89
6/22/20,164,0,4254,89
6/23/20,148,0,4402,89
6/24/20,243,1,4645,90
6/25/20,220,0,4865,90
6/26/20,283,0,5148,90
6/27/20,171,1,5319,91
6/28/20,224,0,5543,91
6/29/20,209,0,5752,91
6/30/20,365,1,6117,92
7/1/20,253,0,6370,92
7/2/20,223,0,6593,92
7/3/20,401,1,6994,93
7/4/20,376,0,7370,93
7/5/20,363,0,7733,93
7/6/20,319,1,8052,94
7/7/20,487,0,8539,94
7/8/20,430,4,8969,98
7/9/20,459,2,9428,100
7/10/20,500,1,9928,101
7/11/20,577,1,10505,102
7/12/20,397,0,10902,102
7/13/20,500,0,11402,102
7/14/20,316,1,11718,103
7/15/20,727,7,12445,110
7/16/20,688,4,13133,114
7/17/20,619,4,13752,118
7/18/20,550,1,14302,119
7/19/20,571,0,14873,119
7/20/20,393,3,15266,122
7/21/20,556,4,15822,126
7/22/20,500,9,16322,135
7/23/20,414,3,16736,138
7/24/20,528,6,17264,144
7/25/20,563,2,17827,146
7/26/20,350,3,18177,148
7/27/20,517,4,18694,152
7/28/20,528,8,19222,160
7/29/20,457,13,19679,173
7/30/20,567,4,20246,177
7/31/20,475,12,20721,189
8/1/20,393,8,21114,197
8/2/20,230,0,21344,197
8/3/20,331,3,21675,200
8/4/20,559,10,22234,210
8/5/20,473,7,22707,217
8/6/20,692,6,23399,223
8/7/20,523,6,23922,229
8/8/20,573,6,24495,235
8/9/20,176,0,24671,235
8/10/20,429,4,25100,239
8/11/20,495,7,25595,246
8/12/20,538,0,26133,246
8/13/20,498,5,26631,251
8/14/20,542,14,27173,265
8/15/20,304,4,27477,269
8/16/20,183,0,27660,269
8/17/20,282,4,27942,273
8/18/20,384,9,28326,282
8/19/20,370,9,28696,291
8/20/20,424,7,29120,298
8/21/20,239,6,29359,304
8/22/20,303,2,29662,306
8/23/20,191,1,29853,307
8/24/20,217,7,30070,314
8/25/20,405,12,30475,326
8/26/20,305,11,30780,337
8/27/20,342,6,31122,343
8/28/20,262,10,31384,353
8/29/20,293,5,31677,358
8/30/20,190,0,31867,358
8/31/20,221,3,32088,361
9/1/20,280,7,32368,368
9/2/20,296,4,32664,372
9/3/20,263,0,32927,372
9/4/20,269,10,33196,382
9/5/20,281,2,33477,384
9/6/20,190,1,33667,385
9/7/20,74,0,33741,385
9/8/20,240,4,33981,389
9/9/20,329,17,34310,406
9/10/20,430,1,34617,407
9/11/20,333,5,34950,412
9/12/20,217,3,35167,415
9/13/20,112,1,35279,416
9/14/20,253,3,35532,419
9/15/20,278,4,35810,423
9/16/20,283,6,36093,429
9/17/20,396,5,36489,434
9/18/20,470,4,36959,438
9/19/20,288,2,37247,440
9/20/20,244,3,37491,443
9/21/20,410,4,37901,447
9/22/20,446,4,38347,451
9/23/20,396,3,38743,454
9/24/20,491,3,39234,457
9/25/20,523,1,39757,458
9/26/20,539,2,40296,460
9/27/20,205,0,40501,460
9/28/20,422,0,40923,460
9/29/20,511,4,41434,464
9/30/20,614,5,42048,469
10/1/20,513,3,42561,472
10/2/20,677,2,43238,474
10/3/20,464,6,43702,480
10/4/20,262,2,43964,482
10/5/20,458,5,44422,487
10/6/20,660,5,45082,492
10/7/20,671,8,45753,500
10/8/20,673,3,46426,503
10/9/20,662,3,47088,506
10/10/20,613,1,47701,507
10/11/20,365,0,48066,507
10/12/20,597,3,48663,510
10/13/20,584,2,49247,512
10/14/20,645,4,49892,516
10/15/20,718,1,50610,517
10/16/20,1094,6,51704,523
10/17/20,878,6,52582,529
10/18/20,510,-1,53092,528
10/19/20,698,3,53790,531
10/20/20,873,4,54663,535
10/21/20,987,11,55650,546
10/22/20,950,7,56600,553
10/23/20,1073,9,57673,562
10/24/20,1021,10,58694,572
10/25/20,650,1,59344,573
10/26/20,697,7,60041,580
10/27/20,882,5,60923,585
10/28/20,862,14,61785,599
10/29/20,961,16,62746,615
10/30/20,1064,11,63810,626
10/31/20,798,3,64608,629
11/1/20,480,1,65088,630
11/2/20,757,2,65845,632
11/3/20,1179,15,67024,647
11/4/20,1290,17,68314,664
11/5/20,1265,7,69579,671
11/6/20,1330,8,70909,679
11/7/20,1403,4,72312,683
11/8/20,649,3,72961,686
11/9/20,1266,12,74227,698
11/10/20,1201,16,75428,714
11/11/20,1693,19,77121,733
11/12/20,1158,16,78279,749
11/13/20,1519,3,79798,752
11/14/20,1519,7,81317,759
11/15/20,928,0,82245,759
11/16/20,1099,4,83344,763
11/17/20,1781,35,85125,798
11/18/20,1310,14,86435,812
11/19/20,1543,23,87978,835
11/20/20,1786,10,89764,845
11/21/20,1070,2,90834,847
11/22/20,819,2,91653,849
11/23/20,1437,17,93090,866
11/24/20,1640,8,94730,874
11/25/20,1773,21,96503,895
11/26/20,551,7,97054,902
11/27/20,1977,7,98500,909
11/28/20,1160,4,99660,913
11/29/20,824,7,100484,920
11/30/20,1214,9,101698,929
12/1/20,1607,31,103305,960
12/2/20,1429,31,104734,991
12/3/20,1721,23,106455,1014
12/4/20,1911,18,108366,1032
12/5/20,1339,0,109705,1032
12/6/20,805,3,110510,1035
12/7/20,1383,20,111893,1055
12/8/20,2012,19,113905,1074
12/9/20,2298,29,116203,1103
12/10/20,1825,33,118028,1136
12/11/20,1582,15,119610,1151
12/12/20,1022,18,120632,1169
12/13/20,547,6,121179,1175
12/14/20,1038,19,122217,1194
12/15/20,1802,20,124019,1214
12/16/20,1433,17,125452,1231
12/17/20,1426,28,126878,1259
12/18/20,1340,8,128218,1267
12/19/20,851,8,129069,1275
12/20/20,891,5,129960,1280
12/21/20,917,21,130877,1301
12/22/20,1717,12,132594,1313
12/23/20,1391,11,133985,1324
12/24/20,1248,25,135233,1349
12/26/20,554,5,135787,1354
12/27/20,428,0,136215,1354
12/28/20,795,23,137010,1377
12/29/20,1514,16,138524,1393
12/30/20,1340,10,139864,1403
12/31/20,1213,33,141077,1436
1/2/21,1122,12,142199,1448
1/3/21,308,0,142507,1448
1/4/21,798,11,143305,1459
1/5/21,1538,12,144843,1471
1/6/21,1263,17,146106,1488
1/7/21,1067,29,147173,1517
1/8/21,1085,0,148258,1517
1/9/21,977,11,149235,1528
1/10/21,432,6,149667,1534
1/11/21,572,10,150239,1544
1/12/21,1034,12,151273,1556
1/13/21,1091,8,152364,1564
1/14/21,994,27,153358,1591
1/15/21,1112,12,154470,1603
1/16/21,806,2,155276,1605
1/17/21,278,2,155554,1607